2.9891842243418814     	2.9731 0
2.6285043510007986     	2.6214 1
2.300435147841236      	2.3126 2
2.0306124514232167     	2.0399 3
1.8093461105782138     	1.7974 5
1.579671746813332      	1.5804 7
1.3913287840796555     	1.3854 9
1.216736823447358      	1.2089 11
1.0548918982375275     	1.0484 12
0.9048633418176755     	0.9017 14
0.7657884359332736     	0.7667 15
0.6368674497669649     	0.6420 17
0.5318068286593052     	0.5262 18
0.41996894199726653    	0.4179 20
0.3162963883648362     	0.3162 21
0.22019301322552942    	0.2202 23
0.13110618754636327    	0.1291 24
0.03863410196137873    	0.0421 25
