0.0 1.0
0.01 0.9948127651585922
0.02 0.9896442498059419
0.03 0.9844950816235652
0.04 0.9793658706150834
0.05 0.9742572110708309
0.06 0.9691696518451475
0.07 0.9641037444947083
0.08 0.9590599924966487
0.09 0.9540388915650678
0.1 0.9490409171385354
0.11 0.9440665056424681
0.12 0.9391160860375163
0.13 0.934190065072749
0.14 0.9292888262145844
0.15 0.9244127303632206
0.16 0.9195621186105808
0.17 0.914737315235928
0.18 0.9099386319196607
0.19 0.9051663438540536
0.2 0.9004207181337816
0.21 0.8957020036302364
0.22 0.8910104325955392
0.23 0.8863462218489896
0.24 0.881709569821336
0.25 0.8771006578974594
0.26 0.8725196506469007
0.27 0.8679666990498521
0.28 0.8634419459059005
0.29 0.8589455101190204
0.3 0.8544774960926753
0.31 0.8500380069496217
0.32 0.8456271198747839
0.33 0.8412449034216933
0.34 0.8368914200746497
0.35000000000000003 0.8325667082520603
0.36 0.8282708097922942
0.37 0.8240037403051858
0.38 0.8197655193221174
0.39 0.8155561428766397
0.4 0.8113756082568757
0.41000000000000003 0.8072238960186152
0.42 0.8031009807146486
0.43 0.7990068284301168
0.44 0.7949413924868385
0.45 0.7909046233447679
0.46 0.7868964625014676
0.47000000000000003 0.782916841489626
0.48 0.7789656873416367
0.49 0.7750429198470905
0.5 0.7711484514841778
0.51 0.7672821887727813
0.52 0.7634440325881431
0.53 0.7596338778565564
0.54 0.7558516139550819
0.55 0.7520971255646776
0.56 0.7483702925554734
0.5700000000000001 0.7446709898214899
0.58 0.7409990878351381
0.59 0.7373544529147329
0.6 0.7337369474713291
0.61 0.7301464302376717
0.62 0.726582756481819
0.63 0.723045778207794
0.64 0.719535344345404
0.65 0.7160513009311898
0.66 0.7125934912822841
0.67 0.7091617561647839
0.68 0.7057559339580904
0.6900000000000001 0.7023758608165122
0.7000000000000001 0.6990213708292821
0.71 0.6956922961800098
0.72 0.6923884673064492
0.73 0.6891097130613469
0.74 0.6858558608750139
0.75 0.6826267366825761
0.76 0.6794221669183036
0.77 0.6762419712977854
0.78 0.6730859723081816
0.79 0.6699539987661463
0.8 0.6668458715914353
0.81 0.6637614094556036
0.8200000000000001 0.6607004317211009
0.8300000000000001 0.6576627589508774
0.84 0.654648211885753
0.85 0.6516566116377998
0.86 0.6486877790371272
0.87 0.6457415277589691
0.88 0.6428176768424171
0.89 0.639916048109533
0.9 0.6370364645556641
0.91 0.634178745322578
0.92 0.6313427029374449
0.93 0.628528161371759
0.9400000000000001 0.6257349468136317
0.9500000000000001 0.6229628799393713
0.96 0.6202117732049821
0.97 0.6174814549916717
0.98 0.6147717559140767
0.99 0.6120824889494204
1.0 0.609413477874703
1.01 0.6067645580201665
1.02 0.6041355515725263
1.03 0.6015262761311484
1.04 0.598936571859372
1.05 0.5963662661385903
1.06 0.5938151762607027
1.07 0.591283147911727
1.08 0.5887700073220117
1.09 0.5862755780818597
1.1 0.5837997117156615
1.11 0.5813422266280007
1.12 0.5789029619466025
1.1300000000000001 0.5764817676588623
1.1400000000000001 0.5740784594519814
1.1500000000000001 0.5716928957376879
1.16 0.5693249075801615
1.17 0.5669743320391808
1.18 0.5646410289336617
1.19 0.5623248174124079
1.2 0.5600255665141023
1.21 0.5577431030133708
1.22 0.5554772839855363
1.23 0.5532279603884017
1.24 0.5509949690123445
1.25 0.548778181388196
1.26 0.5465774239698572
1.27 0.5443925780336522
1.28 0.5422234697435315
1.29 0.5400699823869499
1.3 0.5379319474360137
1.31 0.5358092464295473
1.32 0.5337017183133262
1.33 0.5316092419915684
1.34 0.5295316631009301
1.35 0.5274688603462898
1.36 0.5254206847321966
1.37 0.523387015424983
1.3800000000000001 0.5213677042709306
1.3900000000000001 0.5193626350336069
1.4000000000000001 0.5173716596462008
1.41 0.5153946688805771
1.42 0.5134315115393253
1.43 0.5114820864808101
1.44 0.5095462395527531
1.45 0.5076238765755234
1.46 0.5057148428113795
1.47 0.5038190471316447
1.48 0.5019363398162983
1.49 0.5000666252820424
1.5 0.4982097683727057
1.51 0.496365657268201
1.52 0.4945341816302585
1.53 0.4927152083837729
1.54 0.4909086499646815
1.55 0.4891143629169778
1.56 0.48733226557014353
1.57 0.4855622240902664
1.58 0.48380413941589245
1.59 0.4820579076037456
1.6 0.4803234011911342
1.61 0.47860054311167566
1.62 0.47688919924368034
1.6300000000000001 0.4751892862136349
1.6400000000000001 0.4735006958394996
1.6500000000000001 0.4718233110261233
1.6600000000000001 0.470157058338596
1.67 0.4685018100582081
1.68 0.46685748490150836
1.69 0.46522398493261635
1.7 0.46360119316554643
1.71 0.4619890428225112
1.72 0.460387418227014
1.73 0.4587962254955215
1.74 0.4572153899338217
1.75 0.45564479323019214
1.76 0.4540843642843571
1.77 0.45253401158025736
1.78 0.4509936256856167
1.79 0.44946314545131627
1.8 0.4479424705069889
1.81 0.4464315019876095
1.82 0.4449301808902352
1.83 0.4434384042349564
1.84 0.44195608245735346
1.85 0.4404831559268037
1.86 0.4390195225957275
1.87 0.43756509953620376
1.8800000000000001 0.4361198269264673
1.8900000000000001 0.43468360541117157
1.9000000000000001 0.4332563554614374
1.9100000000000001 0.4318380190389177
1.92 0.4304285003043715
1.93 0.42902772013154633
1.94 0.42763562425688645
1.95 0.42625212075619584
1.96 0.4248771284585852
1.97 0.423510597913464
1.98 0.42215244313719896
1.99 0.42080258077257293
2.0 0.41946096319928017
2.0100000000000002 0.41812751169384305
2.02 0.41680214123547643
2.0300000000000002 0.4154848002671926
2.04 0.414175422142706
2.05 0.41287392437741743
2.06 0.41158024352115447
2.07 0.4102943295027404
2.08 0.4090161030082105
2.09 0.40774549018927875
2.1 0.406482448562321
2.11 0.4052269081317026
2.12 0.4039787928813916
2.13 0.4027380490998027
2.14 0.401504626294575
2.15 0.40027845100346626
2.16 0.3990594544709385
2.17 0.3978475970861784
2.18 0.3966428153199047
2.19 0.3954450391588494
2.2 0.39425421174464537
2.21 0.3930702924800478
2.22 0.3918932147245747
2.23 0.39072291175548785
2.24 0.38955933887270877
2.25 0.38840244860050616
2.2600000000000002 0.38725217631683867
2.27 0.3861084592922255
2.2800000000000002 0.38497125978812335
2.29 0.3838405264052584
2.3000000000000003 0.3827161974509951
2.31 0.3815982139434443
2.32 0.3804865412034441
2.33 0.3793811276483151
2.34 0.3782819143416258
2.35 0.3771888449127837
2.36 0.3761018860777206
2.37 0.3750209884932177
2.38 0.37394609581877564
2.39 0.37287715328530696
2.4 0.37181412750707815
2.41 0.37075697353642184
2.42 0.36970563748026536
2.43 0.3686600661755772
2.44 0.3676202229971251
2.45 0.36658607020044753
2.46 0.3655575562021165
2.47 0.3645346300983174
2.48 0.3635172490799453
2.49 0.362505383460818
2.5 0.36149898497232785
2.5100000000000002 0.36049800485411476
2.52 0.35950239624248653
2.5300000000000002 0.3585121308747174
2.54 0.35752716801701023
2.5500000000000003 0.35654746093606055
2.56 0.3555729634942094
2.57 0.3546036378827575
2.58 0.35363945619122505
2.59 0.3526803742474691
2.6 0.3517263478000393
2.61 0.3507773333583143
2.62 0.34983330260984014
2.63 0.3488942218027193
2.64 0.3479600484727637
2.65 0.3470307406800688
2.66 0.34610625850421095
2.67 0.3451865777353576
2.68 0.3442716622549507
2.69 0.343361471711779
2.7 0.34245596624582036
2.71 0.34155510883831214
2.72 0.340658876900565
2.73 0.339767234959
2.74 0.3388801448528231
2.75 0.337997568875112
2.7600000000000002 0.3371194716797531
2.77 0.3362458314347684
2.7800000000000002 0.3353766146162573
2.79 0.33451178486735134
2.8000000000000003 0.3336513062584977
2.81 0.3327951439479468
2.82 0.33194327589513173
2.83 0.33109567231874043
2.84 0.3302522987469997
2.85 0.32941312110501453
2.86 0.32857810570878315
2.87 0.32774722732540856
2.88 0.3269204625119045
2.89 0.32609777845798865
2.9 0.32527914270666725
2.91 0.3244645231679972
2.92 0.3236538901433398
2.93 0.32284722481318
2.94 0.3220444980968604
2.95 0.32124567906340507
2.96 0.32045073712663635
2.97 0.3196596420401486
2.98 0.31887236988987905
2.99 0.31808890065431394
3.0 0.3173092049916844
3.0100000000000002 0.3165332537511633
3.02 0.3157610181008368
3.0300000000000002 0.314992469579854
3.04 0.3142275885522136
3.0500000000000003 0.31346635312731336
3.06 0.3127087355039893
3.0700000000000003 0.31195470818069787
3.08 0.3112042439513032
3.09 0.3104573160237029
3.1 0.30971390627042267
3.11 0.3089739934006892
3.12 0.3082375511654153
3.13 0.3075045535933682
3.14 0.30677497498733597
3.15 0.3060487899203603
3.16 0.30532597968483505
3.17 0.3046065257221814
3.18 0.30389040322508365
3.19 0.3031775876442465
3.2 0.3024680546849013
3.21 0.3017617803033713
3.22 0.3010587434910303
3.23 0.30035892926778207
3.24 0.2996623147862583
3.25 0.29896887682019957
3.2600000000000002 0.29827859238007154
3.27 0.2975914387099287
3.2800000000000002 0.29690739343728173
3.29 0.2962264414018703
3.3000000000000003 0.2955485643235901
3.31 0.2948737402087978
3.3200000000000003 0.29420194728429233
3.33 0.2935331639944452
3.34 0.292867368998377
3.35 0.292204542201201
3.36 0.29154467043751847
3.37 0.290887734478353
3.38 0.2902337136853944
3.39 0.2895825876232263
3.4 0.2889343360567392
3.41 0.288288938948583
3.42 0.2876463777205167
3.43 0.28700663994697884
3.44 0.2863697072153657
3.45 0.28573556013694784
3.46 0.2851041795100409
3.47 0.2844755463176676
3.48 0.2838496417252559
3.49 0.2832264476335914
3.5 0.28260595208050215
3.5100000000000002 0.28198813855641675
3.52 0.28137298882655226
3.5300000000000002 0.2807604848288261
3.54 0.2801506086717394
3.5500000000000003 0.27954334263229214
3.56 0.27893866915392956
3.5700000000000003 0.2783365746658104
3.58 0.27773704639167474
3.59 0.2771400671483077
3.6 0.27654561990468146
3.61 0.27595368778813945
3.62 0.275364254082492
3.63 0.2747773022261397
3.64 0.274192816192773
3.65 0.2736107852997108
3.66 0.27303119523944286
3.67 0.2724540300024594
3.68 0.27187927372481907
3.69 0.27130691068644097
3.7 0.2707369253094216
3.71 0.2701693021563761
3.72 0.26960402652049437
3.73 0.2690410884478365
3.74 0.2684804740412535
3.75 0.26792216829825777
3.7600000000000002 0.26736615635062766
3.77 0.2668124234628578
3.7800000000000002 0.2662609550306306
3.79 0.2657117365793103
3.8000000000000003 0.26516475393405553
3.81 0.26461999721445034
3.8200000000000003 0.2640774541815514
3.83 0.2635371108187454
3.84 0.2629989532320421
3.85 0.2624629676486924
3.86 0.26192914041582716
3.87 0.26139745799911357
3.88 0.260867906981431
3.89 0.26034047580184516
3.9 0.2598151552811816
3.91 0.25929193243615906
3.92 0.25877079423108074
3.93 0.25825172774205074
3.94 0.25773472015574084
3.95 0.25721975876817366
3.96 0.25670683098352265
3.97 0.2561959243129276
3.98 0.255687029109371
3.99 0.2551801358531605
4.0 0.25467523230464945
4.01 0.2541723063272406
4.0200000000000005 0.25367134588636875
4.03 0.2531723390483985
4.04 0.25267527397953626
4.05 0.25218013894475716
4.0600000000000005 0.2516869223067455
4.07 0.25119561459834716
4.08 0.25070620733652293
4.09 0.25021868914186857
4.1 0.24973304870482246
4.11 0.24924927480898737
4.12 0.24876735633014524
4.13 0.24828728223528473
4.14 0.24780904158164152
4.15 0.24733262351575097
4.16 0.2468580177920254
4.17 0.24638521720884743
4.18 0.2459142117791157
4.19 0.24544499094975225
4.2 0.24497754425290455
4.21 0.24451186130506317
4.22 0.24404793180619042
4.23 0.2435857455388602
4.24 0.2431252923674087
4.25 0.2426665622370956
4.26 0.24220954616682952
4.2700000000000005 0.24175423728724724
4.28 0.2413006259521647
4.29 0.24084870237982098
4.3 0.24039845686576453
4.3100000000000005 0.2399498797820705
4.32 0.23950296157656803
4.33 0.239057692772077
4.34 0.23861406396565427
4.3500000000000005 0.23817206582784886
4.36 0.2377316896183891
4.37 0.23729292904469151
4.38 0.23685577541033775
4.39 0.23642021963448787
4.4 0.23598625270657866
4.41 0.23555386568562817
4.42 0.23512304969954814
4.43 0.23469379594446524
4.44 0.23426609568405016
4.45 0.23383994024885488
4.46 0.23341532103565782
4.47 0.2329922310869844
4.48 0.23257066384457697
4.49 0.2321506108707647
4.5 0.2317320637869964
4.51 0.23131501427811343
4.5200000000000005 0.23089945409173684
4.53 0.23048537503766195
4.54 0.23007276898725953
4.55 0.22966162787288472
4.5600000000000005 0.2292519436872922
4.57 0.22884370848305904
4.58 0.22843691582357303
4.59 0.22803155960119575
4.6000000000000005 0.22762763201770286
4.61 0.22722512532919584
4.62 0.22682403184909236
4.63 0.2264243439475854
4.64 0.22602605405110776
4.65 0.22562915464180297
4.66 0.22523363825700257
4.67 0.22483949748870874
4.68 0.2244467249830836
4.69 0.2240553138160051
4.7 0.22366525892287667
4.71 0.22327655343201477
4.72 0.22288919016688252
4.73 0.22250316200303547
4.74 0.22211846186763934
4.75 0.22173508273899298
4.76 0.22135301764605658
4.7700000000000005 0.22097225966798567
4.78 0.22059280193366995
4.79 0.22021463762127735
4.8 0.2198377599578033
4.8100000000000005 0.21946216266828725
4.82 0.21908784105695792
4.83 0.21871478872033476
4.84 0.21834299906666751
4.8500000000000005 0.21797246555077193
4.86 0.2176031816736111
4.87 0.21723514098188137
4.88 0.21686833706760306
4.89 0.21650276356771517
4.9 0.2161384141636749
4.91 0.21577528258106152
4.92 0.21541336258918403
4.93 0.2150526480245491
4.94 0.21469313419060876
4.95 0.2143348158149575
4.96 0.21397768680488968
4.97 0.21362174110996418
4.98 0.2132669727216313
4.99 0.2129133756728635
5.0 0.21256094403778997
5.01 0.21220967193133547
5.0200000000000005 0.21185955350886262
5.03 0.21151058296581865
5.04 0.21116275453738495
5.05 0.21081606249813126
5.0600000000000005 0.21047050118837476
5.07 0.2101260662732186
5.08 0.20978275286571946
5.09 0.2094405553863661
5.1000000000000005 0.20909946829332163
5.11 0.20875948608210002
5.12 0.20842060328524667
5.13 0.2080828144720217
5.14 0.2077461142480871
5.15 0.20741049725519653
5.16 0.20707595817088909
5.17 0.2067424917081853
5.18 0.20641009261528714
5.19 0.20607875567528045
5.2 0.20574847604297006
5.21 0.20541924996228098
5.22 0.20509107245226255
5.23 0.20476393841173826
5.24 0.20443784277320323
5.25 0.20411278050254197
5.26 0.20378874659874893
5.2700000000000005 0.20346573609365218
5.28 0.20314374405163954
5.29 0.2028227655693877
5.3 0.2025027957755939
5.3100000000000005 0.20218382983071084
5.32 0.20186586292668332
5.33 0.20154889028668857
5.34 0.2012329073112169
5.3500000000000005 0.2009179105587409
5.36 0.20060389562815925
5.37 0.20029085785030815
5.38 0.19997879258611953
5.39 0.19966769522637512
5.4 0.19935756119146272
5.41 0.19904838593113497
5.42 0.19874016492427032
5.43 0.19843289367863684
5.44 0.19812656773065768
5.45 0.1978211826451795
5.46 0.19751673401524275
5.47 0.1972132174618543
5.48 0.19691062863376246
5.49 0.1966089634502351
5.5 0.19630821875580315
5.51 0.1960083904161761
5.5200000000000005 0.1957094741766261
5.53 0.19541146580917002
5.54 0.19511436111235622
5.55 0.1948181559110537
5.5600000000000005 0.19452284605624287
5.57 0.19422842742480892
5.58 0.19393489591933663
5.59 0.19364224746790729
5.6000000000000005 0.19335047802389782
5.61 0.1930595835657816
5.62 0.19276956009693114
5.63 0.19248040364542274
5.64 0.1921921102638432
5.65 0.19190467671042435
5.66 0.19161809976036
5.67 0.19133237552793675
5.68 0.19104750015127825
5.69 0.1907634697921601
5.7 0.19048028063582642
5.71 0.19019792889080797
5.72 0.18991641078874227
5.73 0.18963572258419528
5.74 0.18935586055448483
5.75 0.18907682099950548
5.76 0.18879860024155531
5.7700000000000005 0.18852119462516398
5.78 0.18824460051692293
5.79 0.18796881430531648
5.8 0.1876938324005549
5.8100000000000005 0.18741965150735612
5.82 0.18714626894501382
5.83 0.18687368124375456
5.84 0.18660188488983176
5.8500000000000005 0.18633087639048257
5.86 0.18606065227376897
5.87 0.18579120908842095
5.88 0.18552254340368066
5.89 0.18525465180914816
5.9 0.1849875309146289
5.91 0.18472117734998192
5.92 0.18445558776497004
5.93 0.18419075882911096
5.94 0.18392668723153013
5.95 0.18366336968081456
5.96 0.1834008029048683
5.97 0.18313898365076875
5.98 0.18287790883055954
5.99 0.18261757603158205
6.0 0.18235798217199234
6.01 0.1820991240649352
6.0200000000000005 0.1818409985421108
6.03 0.1815836024536381
6.04 0.18132693266791966
6.05 0.18107098607150696
6.0600000000000005 0.1808157595689679
6.07 0.18056125008275475
6.08 0.18030745455307357
6.09 0.18005436993775464
6.1000000000000005 0.1798019932121242
6.11 0.1795503213688773
6.12 0.17929935141795145
6.13 0.1790490803864019
6.140000000000001 0.17879950531827773
6.15 0.17855062327449886
6.16 0.17830243144433777
6.17 0.17805492763810016
6.18 0.17780810908947906
6.19 0.17756197292022172
6.2 0.17731651626837305
6.21 0.17707173628815892
6.22 0.17682763014987093
6.23 0.17658419503975156
6.24 0.17634142815988088
6.25 0.17609932672806378
6.26 0.17585788797771848
6.2700000000000005 0.17561710915776588
6.28 0.1753769875325199
6.29 0.17513752038157868
6.3 0.17489870499971663
6.3100000000000005 0.17466053869677783
6.32 0.1744230187975698
6.33 0.17418614264175858
6.34 0.1739499075837643
6.3500000000000005 0.17371431109052704
6.36 0.17347935116296104
6.37 0.17324502530217864
6.38 0.1730113309145778
6.390000000000001 0.17277826542084634
6.4 0.1725458262558629
6.41 0.17231401086859816
6.42 0.17208281672201714
6.43 0.17185224129298263
6.44 0.1716222820721586
6.45 0.17139293656391555
6.46 0.17116420228623552
6.47 0.17093607677061867
6.48 0.17070855756199038
6.49 0.17048164221860918
6.5 0.17025532831197504
6.51 0.17002961342673928
6.5200000000000005 0.16980449516061427
6.53 0.16957997112428466
6.54 0.1693560389413188
6.55 0.16913269632076589
6.5600000000000005 0.16890994143613391
6.57 0.16868777204894295
6.58 0.16846618582836656
6.59 0.1682451804560673
6.6000000000000005 0.16802475362611233
6.61 0.16780490304489
6.62 0.16758562643102634
6.63 0.1673669215153031
6.640000000000001 0.16714878604057593
6.65 0.16693121776169337
6.66 0.16671421444541645
6.67 0.16649777387033923
6.68 0.16628189382680938
6.69 0.16606657211685
6.7 0.16585180655408185
6.71 0.1656375949636461
6.72 0.16542393518212772
6.73 0.16521082505747972
6.74 0.16499826244894786
6.75 0.16478624522699575
6.76 0.16457477130096507
6.7700000000000005 0.16436383900258691
6.78 0.16415344638450788
6.79 0.16394359135766823
6.8 0.16373427184388128
6.8100000000000005 0.1635254857757621
6.82 0.16331723109665686
6.83 0.16310950576057257
6.84 0.16290230773210748
6.8500000000000005 0.16269563498638198
6.86 0.1624894855089701
6.87 0.16228385729583156
6.88 0.16207874835324412
6.890000000000001 0.161874156697737
6.9 0.16167008035602415
6.91 0.16146651736493853
6.92 0.16126346577136666
6.93 0.16106092363218386
6.94 0.1608588890141898
6.95 0.1606573599940448
6.96 0.16045633465820622
6.97 0.16025581110286596
6.98 0.16005578743388763
6.99 0.1598562620014839
7.0 0.1596572332425896
7.01 0.1594586992889893
7.0200000000000005 0.15926065828029473
7.03 0.15906310836551912
7.04 0.1588660477030174
7.05 0.15866947446042648
7.0600000000000005 0.1584733868146068
7.07 0.15827778295158346
7.08 0.15808266106648847
7.09 0.157888019363503
7.1000000000000005 0.1576938560558003
7.11 0.1575001693654891
7.12 0.157306957523557
7.13 0.15711421876981516
7.140000000000001 0.15692195135284231
7.15 0.15673015352993022
7.16 0.15653882356702878
7.17 0.15634795973869203
7.18 0.1561575603280244
7.19 0.1559676236266271
7.2 0.15577814793454567
7.21 0.15558913156021678
7.22 0.1554005728318112
7.23 0.1552124703956397
7.24 0.15502482272924514
7.25 0.15483762817113939
7.26 0.15465088506798677
7.2700000000000005 0.15446459177455402
7.28 0.15427874665365987
7.29 0.15409334807612596
7.3 0.15390839442072704
7.3100000000000005 0.15372388407414264
7.32 0.15353981543090817
7.33 0.15335618689336694
7.34 0.15317299687162245
7.3500000000000005 0.1529902437834907
7.36 0.15280792605445342
7.37 0.15262604211761102
7.38 0.15244459041363656
7.390000000000001 0.15226356939072921
7.4 0.15208297750456906
7.41 0.15190281321827137
7.42 0.15172307500234164
7.43 0.15154376133463096
7.44 0.15136487070029145
7.45 0.15118640159173244
7.46 0.15100835250857644
7.47 0.15083072195838768
7.48 0.15065350868413757
7.49 0.15047671138611424
7.5 0.15030032858986705
7.51 0.15012435882795963
7.5200000000000005 0.14994880063992772
7.53 0.14977365257223751
7.54 0.14959891317824447
7.55 0.14942458101815198
7.5600000000000005 0.1492506546589708
7.57 0.14907713267447853
7.58 0.14890401364517922
7.59 0.14873129615826386
7.6000000000000005 0.14855897880757038
7.61 0.14838706019354464
7.62 0.14821553892320097
7.63 0.14804441361008394
7.640000000000001 0.1478736828742293
7.65 0.14770334534212626
7.66 0.14753339964667916
7.67 0.14736384442716996
7.68 0.14719467832922078
7.69 0.14702590000475685
7.7 0.1468575081119695
7.71 0.14668950131527944
7.72 0.1465218782853008
7.73 0.14635463769880444
7.74 0.1461877782564648
7.75 0.1460212989018562
7.76 0.14585519841101532
7.7700000000000005 0.1456894754823261
7.78 0.1455241288201725
7.79 0.14535915713490374
7.8 0.1451945591427997
7.8100000000000005 0.1450303335660368
7.82 0.1448664791326538
7.83 0.14470299457651797
7.84 0.14453987863729156
7.8500000000000005 0.1443771300603985
7.86 0.1442147475969912
7.87 0.14405273000391752
7.88 0.14389107604368861
7.890000000000001 0.1437297844844457
7.9 0.14356885409992873
7.91 0.14340828366944366
7.92 0.1432480719778311
7.930000000000001 0.14308821781543465
7.94 0.14292871997806955
7.95 0.14276957726699163
7.96 0.14261078848886627
7.97 0.14245235245573787
7.98 0.1422942679849992
7.99 0.14213653389936132
8.0 0.14197914902682335
8.01 0.1418221122006427
8.02 0.14166542225930528
8.03 0.14150907815086275
8.040000000000001 0.1413530789207072
8.05 0.14119742342684366
8.06 0.141042110527755
8.07 0.1408871390870025
8.08 0.1407325079731971
8.09 0.1405782160599716
8.1 0.14042426222595228
8.11 0.1402706453547315
8.120000000000001 0.14011736433483973
8.13 0.13996441805971846
8.14 0.13981180542769264
8.15 0.13965952534194384
8.16 0.13950757671048328
8.17 0.1393559584461251
8.18 0.13920466946646
8.19 0.13905370869382863
8.2 0.13890307505529562
8.21 0.1387527674826235
8.22 0.13860278491224698
8.23 0.13845312628524714
8.24 0.13830379054732603
8.25 0.1381547766487813
8.26 0.13800608354448118
8.27 0.13785771019383936
8.28 0.1377096555607902
8.290000000000001 0.1375619186137641
8.3 0.1374144983256631
8.31 0.13726739367383634
8.32 0.137120603640056
8.33 0.13697412723643043
8.34 0.13682796367384475
8.35 0.13668211199102362
8.36 0.13653657117942605
8.370000000000001 0.136391340234903
8.38 0.13624641815767347
8.39 0.1361018039523001
8.4 0.1359574966276658
8.41 0.1358134951969498
8.42 0.13566979867760434
8.43 0.13552640609133115
8.44 0.13538331646405846
8.45 0.13524052882591778
8.46 0.13509804221122118
8.47 0.13495585565843846
8.48 0.13481396821017458
8.49 0.13467237891314726
8.5 0.13453108681816467
8.51 0.13439009098010327
8.52 0.13424939045788586
8.53 0.13410898431445978
8.540000000000001 0.13396887161677495
8.55 0.13382905143576268
8.56 0.13368952284631397
8.57 0.13355028492725826
8.58 0.13341133676134243
8.59 0.13327267743520957
8.6 0.1331343060393783
8.61 0.13299622166822192
8.620000000000001 0.13285842341994777
8.63 0.13272091039657702
8.64 0.13258368170392398
8.65 0.13244673645157604
8.66 0.13231007390550512
8.67 0.13217369341771043
8.68 0.13203759411047247
8.69 0.1319017751071194
8.700000000000001 0.1317662355346528
8.71 0.13163097452372816
8.72 0.13149599120863567
8.73 0.13136128472728112
8.74 0.1312268542211667
8.75 0.13109269883537245
8.76 0.1309588177185371
8.77 0.13082521002283967
8.78 0.13069187490398085
8.790000000000001 0.13055881152116458
8.8 0.1304260190370798
8.81 0.1302934966178821
8.82 0.13016124343317587
8.83 0.1300292586559962
8.84 0.129897541462791
8.85 0.12976609103340342
8.86 0.1296349065510541
8.870000000000001 0.12950398720232362
8.88 0.12937333217713531
8.89 0.1292429406687377
8.9 0.12911281187368748
8.91 0.12898294499183238
8.92 0.12885333922629427
8.93 0.12872399378345212
8.94 0.12859490787292546
8.950000000000001 0.12846608070755747
8.96 0.12833751150339875
8.97 0.12820919947969056
8.98 0.12808114385884858
8.99 0.12795334386644677
9.0 0.12782579873120106
9.01 0.12769850781489703
9.02 0.1275714704789391
9.03 0.1274446859561766
9.040000000000001 0.12731815348259018
9.05 0.12719187229727572
9.06 0.12706584164242818
9.07 0.1269400607633257
9.08 0.12681452890831385
9.09 0.12668924532878967
9.1 0.12656420927918619
9.11 0.12643942001695674
9.120000000000001 0.12631487680255962
9.13 0.12619057889944274
9.14 0.12606652557402812
9.15 0.125942716095697
9.16 0.12581914973677458
9.17 0.12569582577251515
9.18 0.12557274348108705
9.19 0.12544990214355797
9.200000000000001 0.1253273010438803
9.21 0.12520493946887634
9.22 0.12508281670822385
9.23 0.12496093205444168
9.24 0.12483928480287527
9.25 0.12471787425168247
9.26 0.12459669970181936
9.27 0.12447576045702613
9.28 0.1243550558238131
9.290000000000001 0.12423458522914327
9.3 0.12411434817498003
9.31 0.12399434397704832
9.32 0.12387457195114647
9.33 0.12375503141578297
9.34 0.12363572169216279
9.35 0.1235166421041741
9.36 0.12339779197837472
9.370000000000001 0.12327917064397889
9.38 0.12316077743284407
9.39 0.12304261167945763
9.4 0.12292467272092393
9.41 0.12280695989695134
9.42 0.12268947254983918
9.43 0.12257221002446504
9.44 0.12245517166827188
9.450000000000001 0.12233835683125548
9.46 0.12222176486595175
9.47 0.12210539512742419
9.48 0.12198924697325148
9.49 0.12187331976351506
9.5 0.12175761286078687
9.51 0.12164212563011705
9.52 0.12152685743902177
9.53 0.12141180765747123
9.540000000000001 0.12129697565787755
9.55 0.12118236081508292
9.56 0.12106796250634759
9.57 0.12095378011133813
9.58 0.12083981308909328
9.59 0.1207260609197588
9.6 0.12061252299284658
9.61 0.12049919869996364
9.620000000000001 0.1203860874350323
9.63 0.12027318859427913
9.64 0.12016050157622381
9.65 0.12004802578166834
9.66 0.11993576061368612
9.67 0.11982370547761108
9.68 0.11971185978102697
9.69 0.11960022293375669
9.700000000000001 0.1194887943478516
9.71 0.11937757343758104
9.72 0.11926655961942174
9.73 0.1191557523120474
9.74 0.11904515093631829
9.75 0.11893475491527093
9.76 0.11882456367410787
9.77 0.11871457664018735
9.78 0.11860479324301329
9.790000000000001 0.11849521291422506
9.8 0.1183858350875876
9.81 0.11827665919898127
9.82 0.11816768468639204
9.83 0.1180589109899015
9.84 0.11795033755167723
9.85 0.11784196381596289
9.86 0.11773378922906853
9.870000000000001 0.11762581324200147
9.88 0.11751803538296439
9.89 0.11741045514002038
9.9 0.11730307196699404
9.91 0.11719588531973232
9.92 0.11708889465609525
9.93 0.11698209943594647
9.94 0.11687549912114392
9.950000000000001 0.11676909317553079
9.96 0.11666288106492603
9.97 0.11655686225711545
9.98 0.1164510362218425
9.99 0.11634540243079924
