  0.215189338      0.370713711      0.100000001    
   1.00535154E-03  0.301279664      0.100000001    
  0.683710158      0.392084956      0.100000001    
  0.710287690      0.207873285      0.100000001    
  0.112854183      0.991543889      0.100000001    
  0.238996863      0.575634956      0.100000001    
  0.239299655      0.357893407      0.100000001    
  0.843502581      0.438143909      0.100000001    
  0.640624762      0.227591693      0.100000001    
  0.559933126      0.850322962      0.100000001    
  0.395337939      0.628436029      0.100000001    
  0.860967338      0.599398136      0.100000001    
  0.333820760      0.318264902      0.100000001    
  0.699422538      0.124597490      0.100000001    
  0.248288214      0.117154181      0.100000001    
   7.56417513E-02  0.881056726      0.100000001    
  0.814822614      0.578117013      0.100000001    
  0.198631704      0.846561611      0.100000001    
   4.34454679E-02  0.227889299      0.100000001    
  0.808899462      0.857126951      0.100000001    
  0.949078500      0.684004903      0.100000001    
  0.612112701      0.189968765      0.100000001    
