  0.980677724      0.883283973      0.227768064    
  0.846905410      0.227985620      0.565844655    
  0.230313241      0.449282110      0.662448943    
  0.576011539      0.727497160      0.783209443    
  0.794844866      0.372686982      0.743036389    
  0.730142415      0.761991620      0.956694722    
  0.920912206      0.559213877       6.03258610E-04
   9.53383446E-02  0.152616501      0.206277788    
  0.654480398      0.194182992      0.288106024    
  0.465251446      0.320114553      0.578883648    
  0.124983668      0.164219797      0.958869994    
  0.610103130      0.580171227      0.591923535    
  0.307577848      0.149905205      0.404710889    
  0.436150312      0.779610753      0.484855294    
  0.436973035      0.390506625      0.939944744    
  0.523667932      0.599716127      0.956834674    
  0.427575827       6.67762756E-03  0.274041295    
   7.71883130E-02  0.793563068      0.150719106    
  0.386595368      0.125299752      0.222121954    
  0.214872658      0.304781497      0.257400453    
  0.444332600       5.65150976E-02  0.759019434    
0.7 0.6 0.1
