  0.751691043      0.281378925      0.330421805    
  0.716282129      0.805225492      0.523217082    
  0.183890879      0.681371450      0.531280100    
  0.261563957      0.531589925       7.00969100E-02
  0.378364921      0.279730678      0.821520209    
  0.222797871      0.642730951      0.604573846    
  0.652684629      0.283948183      0.232233107    
  0.918985009      0.921280026      0.513296902    
  0.528576672      0.817780912      0.479927480    
  0.902321339      0.630585134      0.698363543    
  0.312255263      0.535769761      0.382048666    
  0.806981802      0.522291780      0.775239944    
  0.452419817      0.386743903      0.772478044    
  0.586973727      0.311117530      0.728127539    
  0.158175886      0.477763593      0.742948472    
  0.335779011      0.822912514      0.489768326    
  0.404931724      0.217380464      0.595538795    
  0.433400214      0.880508423      0.577646434    
  0.227070153       2.06887722E-03  0.281710505    
   5.68746328E-02   2.16525793E-03  0.837615848    
  0.162853897      0.733359814      0.391751528    
0.8 0.8 0.4
