  0.901454568      0.156764150      0.508480430    
  0.527090669      0.382987976      0.291219473    
  0.353313148      0.285823047       5.64331412E-02
  0.483685017      0.313879848       8.60612988E-02
   7.37382770E-02  0.211012304      0.793056607    
  0.935569108      0.294843376      0.661759198    
  0.309893847      0.628455997      0.916907549    
   1.23502612E-02  0.247863173       9.68056321E-02
  0.230319262      0.153020024       5.32187223E-02
  0.389167368      0.880787194      0.574723542    
  0.406351328      0.351451635      0.228731096    
  0.114751458       5.85405827E-02  0.344372392    
  0.155398488      0.298659205      0.136626363    
  0.121877551      0.110148191      0.703869402    
  0.894227684      0.245316684      0.891931236    
  0.561743975      0.616079271       7.90239573E-02
  0.940553188      0.474468589      0.486361325    
   9.90409255E-02  0.957247198      0.726468801    
  0.124000072      0.644166052       4.31819558E-02
  0.770171285      0.109879076      0.416907310    
   9.31483507E-03   5.56136966E-02  0.151923418   
0.4 0.3 0.6 
