  0.546179891      0.635973036      0.594977140    
  0.802377641      0.380865216      0.597491801    
  0.100129187      0.836547077      0.989204943    
  0.265460968      0.764826953      0.903388023    
  0.352321804      0.892138660      0.638369858    
  0.103589416      0.622958660      0.782640755    
  0.187333703      0.603990257      0.460731745    
  0.542395711      0.463743210      0.732855558    
  0.288048208      0.356916189      0.183347642    
  0.416486859       9.70120430E-02  0.745121181    
  0.453016400      0.345522106      0.278006017    
  0.719783306      0.820161164      0.143717110    
  0.696350276      0.276423633      0.394146323    
  0.754752934      0.182391286      0.654296577    
  0.273021460      0.976507843      0.900921404    
  0.667942882      0.154558659      0.377897084    
  0.240980923      0.745011508       3.51139903E-02
  0.364514887      0.633471429      0.631878197    
  0.874420166      0.149480462      0.369276285    
  0.319075823      0.321970105      0.848883867    
  0.757985771      0.718393981      0.217542291    
0.4 0.1 0.2
