  0.462678075      0.664774239       7.20592737E-02
  0.435431063      0.980276346      0.169084430    
  0.773872197       2.04608440E-02  0.751014829    
  0.863961041      0.524885654      0.751222312    
  0.446189523       1.56441927E-02  0.738258004    
  0.816966474       7.96694160E-02  0.280255675    
  0.389704287      0.394729078      0.966576755    
   1.89211965E-02  0.465732217      0.672791243    
  0.982273400      0.876242578      0.985811174    
  0.807845354      0.938108087      0.723901272    
   1.94360018E-02  0.376191914      0.622349083    
  0.834802330      0.395564675      0.677977443    
  0.478841186      0.136409342      0.378031850    
  0.877561927      0.717296124      0.897424281    
  0.276037931      0.651414752      0.927773058    
  0.975934029      0.301244020      0.920213699    
  0.403815448      0.758951128      0.876181543    
  0.368703246      0.618953347      0.465098083    
  0.387911558      0.911203623      0.115948558    
  0.275820971      0.457074821      0.547819912    
  0.523244977      0.504490495      0.301140010    
  0.693412125      0.701599777      0.963071644    
  0.299997747       3.83417010E-02  0.646289527    
