  0.680165172      0.754726589      0.524668157    
  0.168171346      0.461733878      0.263844371    
  0.448233306      0.559965551      0.392141223    
  0.146327138      0.682205856      0.632025242    
  0.556706429      0.431991994      0.138081133    
  0.498612165      0.122445524       4.45408225E-02
  0.603847682      0.154186904      0.240759373    
   6.06155396E-03   3.31378579E-02  0.385019898    
  0.474346638      0.229455709      0.162113309    
  0.868605018      0.122627676      0.972470284    
  0.767306149      0.864361346      0.235429108    
  0.591680169      0.268774450       9.27221775E-02
  0.889533758      0.788628399      0.260404110    
  0.269626200       6.77447915E-02  0.499341488    
  0.707022011      0.414933681       1.89223886E-02
  0.582388222      0.227287769      0.838802040    
   1.47062540E-03  0.420237720      0.974131763    
  0.612265766      0.471798658      0.187302828    
  0.339412749       6.49755597E-02  0.312273920    
   5.75090647E-02  0.629596293      0.882770896    
  0.362136066       9.67248082E-02  0.913966298   
0.3 0.3 0.1 
