  0.744190037      0.794950962      0.687145829    
  0.873618364      0.259450614      0.643610537    
  0.950798750      0.291817129      0.102619827    
  0.421142161      0.416716516      0.956665635    
  0.179275274      0.919201076      0.144717455    
  0.610823274      0.799795985      0.824226499    
  0.854551077      0.530152142      0.518924296    
  0.901824296      0.219030142      0.961377561    
   9.30767655E-02   6.13698959E-02  0.579726219    
  0.574028909      0.582870662      0.319085598    
  0.744831085       3.17903757E-02  0.783035159    
  0.985581934      0.789469957      0.426871240    
  0.299007118      0.627067983      0.460783839    
  0.851053596      0.751883984      0.732648671    
  0.614918232      0.853943765      0.620266259    
  0.342162013      0.116292357      0.139280617    
  0.845850050      0.989140153       7.45701790E-03
  0.878461003      0.424552619      0.438644350    
  0.342287421      0.110466719      0.771549106    
   1.94858909E-02  0.299144804      0.954685926    
  0.783854365      0.944358706      0.403743267    
  0.964391172      0.733333588       3.60414982E-02
  0.445975900      0.343747675      0.543638051    
