  0.448825479      0.269511878      0.100000001    
  0.503629088      0.539271057      0.100000001    
  0.359304547      0.980714619      0.100000001    
  0.533275902      0.759659350      0.100000001    
  0.878469527      0.934530556      0.100000001    
  0.337288499      0.478613198      0.100000001    
  0.656827986      0.591549158      0.100000001    
  0.857319295      0.768533945      0.100000001    
  0.590466738      0.686084569      0.100000001    
  0.204542160      0.160839796      0.100000001    
  0.375797987      0.778135717      0.100000001    
  0.203874707      0.800448775      0.100000001    
  0.553817868      0.716053843      0.100000001    
  0.223366022       2.70017982E-02  0.100000001    
  0.511473596      0.193695545      0.100000001    
  0.169047475      0.387088358      0.100000001    
  0.647635221      0.141339004      0.100000001    
  0.880585313      0.449118197      0.100000001    
  0.789793909      0.898654699      0.100000001    
  0.123572111      0.983856022      0.100000001    
  0.756012678      0.316493690      0.100000001    
  0.290843964      0.944712520      0.100000001    
