  0.175610185      0.318802118      0.365290225    
  0.814956605      0.568652570      0.491690040    
   6.31741285E-02  0.234178603      0.888422728    
  0.804515481      0.920613766      0.260751307    
  0.423270345      0.631293058       7.41928816E-02
  0.419843674      0.383470893      0.258505464    
  0.501770556      0.992213368       2.51643062E-02
  0.213497341      0.850523233      0.112444639    
  0.708846211      0.737969339      0.146295726    
  0.747502029      0.932531714      0.764402270    
  0.731832147      0.577355981      0.401474297    
  0.409025788      0.569493592      0.855714262    
  0.823936939      0.223377585      0.372153699    
  0.660764873      0.709509194      0.185562015    
  0.301209867      0.288513243      0.228817999    
  0.372578561      0.782537460      0.783338606    
  0.487801373      0.619327784       4.61404920E-02
  0.268288970       9.96379256E-02  0.258003592    
   5.53807616E-02  0.951502383      0.585821450    
  0.907419443      0.568660080      0.347626209    
  0.670427263      0.640954196      0.170468450   
0.8 0.3 0.1 
