  0.807632327      0.444815397      0.932819605    
  0.746495128      0.169699132      0.752192676    
  0.927181304       4.07072306E-02  0.988423347    
  0.652060449      0.419899881      0.713251233    
  0.361639738      0.284143329      0.666333437    
  0.963216245      0.996977448      0.837840140    
  0.503298819       5.94466329E-02  0.262753308    
  0.878908336      0.808242083       7.68309832E-03
  0.664670825      0.178949773      0.127991557    
  0.893794656      0.742002904      0.237751186    
  0.257119656      0.299412131      0.945728421    
  0.363780975      0.989678800      0.668449640    
   7.78626204E-02  0.881489933      0.933339775    
  0.493491590      0.362919927      0.863715351    
  0.538847387      0.421632409      0.103956521    
  0.915584803      0.192747951       5.91662526E-02
  0.976300478      0.543912530      0.985952735    
  0.236685634       7.14967847E-02  0.299688399    
  0.728267610      0.838176131      0.915831029    
  0.209033906      0.402661026      0.119071007    
  0.227980554      0.666865647      0.212890625    
  0.131021202      0.648517072      0.344482124    
  0.778873265      0.244840980      0.181756735    
