  0.782647371      0.156287372      0.100000001    
  0.984224081      0.207905352      0.100000001    
  0.337238967      0.930200100      0.100000001    
  0.736971438      0.582802415      0.100000001    
  0.491027236      0.942546666      0.100000001    
  0.905761659      0.564122200      0.100000001    
  0.850071490      0.460433483      0.100000001    
  0.531177402      0.871306181      0.100000001    
  0.567064106      0.441191256      0.100000001    
  0.301578045      0.370001078      0.100000001    
   1.93328261E-02  0.729570627      0.100000001    
   7.22597837E-02  0.226267755      0.100000001    
  0.203747153      0.376816809      0.100000001    
  0.532226145      0.872293115      0.100000001    
  0.824841321      0.571348727      0.100000001    
  0.356407940      0.109333038      0.100000001    
  0.807512939      0.322965980      0.100000001    
  0.342725933      0.736247063      0.100000001    
  0.186720610      0.328791320      0.100000001    
  0.111917853      0.675897121      0.100000001    
  0.282479942      0.257475197      0.100000001    
  0.863833129      0.802457452      0.100000001    
  0.959980607      0.946692646      0.100000001    
  0.262323141      0.604718804      0.100000001    
  0.643854856      0.273656368      0.100000001    
   4.25076485E-03  0.348167956      0.100000001    
  0.242133796      0.257897913      0.100000001    
  0.308151901      0.477497578      0.100000001    
  0.837441027      0.527977765      0.100000001    
   1.44830346E-02  0.982323706      0.100000001    
  0.817743719      0.144268095      0.100000001    
  0.260383248      0.366601944      0.100000001    
  0.272233844      0.328575373      0.100000001    
  0.800239801      0.418620229      0.100000001    
  0.451240778      0.216066182      0.100000001    
   8.34376216E-02  0.606719911      0.100000001    
  0.222732246      0.456009030      0.100000001    
  0.177660346      0.768327117      0.100000001    
  0.239756882      0.199082613      0.100000001    
  0.489468515      0.573734343      0.100000001    
