  0.609324813      0.101771355      0.491834521    
  0.674494684       4.39966321E-02  0.844616890    
  0.186461866      0.581756353      0.821333408    
  0.755920291      0.727755547      0.941437125    
  0.988634765       9.03173089E-02  0.443711519    
  0.903224587      0.991686583       9.95119810E-02
  0.316167176      0.968831837       9.35745239E-03
  0.809114218      0.845630109      0.756051481    
  0.256046474      0.199587941      0.883501470    
  0.535640717      0.975773394       2.38418579E-05
   2.44559050E-02  0.116284668      0.390443385    
  0.780099273      0.377502620      0.276036620    
  0.491673589      0.599249721      0.733349025    
  0.214133561      0.243800521       5.03931046E-02
  0.351613045       3.02453637E-02  0.871532440    
  0.531822324      0.304100931       8.41560960E-02
  0.820805132      0.103988349      0.491056979    
  0.180761635      0.115081787      0.220808804    
  0.662144780      0.420129716      0.653876424    
   3.91519070E-03  0.276227772      0.729463756    
  0.523283958      0.969417274      0.423976123    
0.7 0.5 0.3
