  0.546491802      0.573316574      0.856793582    
  0.314726651       9.36316848E-02  0.369531751    
  0.828909874      0.754129648      0.796009302    
  0.938399673      0.809723020      0.416404307    
   7.68360496E-02  0.855148077      0.408412874    
  0.298212707      0.357105553      0.786049426    
  0.558207095      0.326378584      0.270407617    
  0.266922772      0.982721269      0.487708509    
  0.532559633      0.242750764      0.985706270    
  0.207833052      0.591054916      0.554622471    
  0.545852780       6.76423311E-03   9.70661044E-02
  0.169095874      0.147782505      0.936742425    
  0.942547023      0.334064901      0.668152928    
  0.651716352      0.270219564      0.807630301    
  0.891794086      0.417468429      0.597368777    
  0.885786235      0.398031712      0.633003414    
  0.779357255      0.365885377       2.81633735E-02
  0.493309319      0.870325506      0.502502918    
  0.885074317      0.102757514      0.278547645    
  0.655409932      0.347917497      0.120778322    
  0.335632980      0.468405724      0.778010130    
  0.987488389      0.132723391      0.332686186    
   1.24184489E-02  0.815412164      0.261120498    
