  0.624607027      0.874447584      0.277154565    
  0.782700300      0.432418168      0.736826360    
  0.373633504      0.767630994       6.75483942E-02
  0.204750657       7.03186393E-02   4.23277020E-02
  0.460221410      0.564246476      0.786282659    
  0.152443588      0.766208768      0.964379549    
  0.167298377       9.23734903E-03  0.595683455    
  0.571315289      0.707648933      0.268328488    
  0.504563272      0.720091879      0.690049708    
   9.07400846E-02   3.40231657E-02  0.893520355    
  0.775100231      0.657823443      0.736274838    
  0.940023005      0.534189045      0.217435956    
  0.131901264       2.41541862E-03  0.113220274    
  0.317530394      0.950565934      0.514160872    
  0.860782862      0.443052709      0.385928750    
  0.303041577      0.951970875      0.772235632    
  0.637785614      0.229887486      0.211187422    
  0.546363711      0.632289886      0.564054132    
  0.848818123      0.320338607      0.120058239    
  0.678529441      0.728982806      0.707007587    
  0.993620455      0.277147830      0.432397246    
0.9 0.9 0.6
