  0.689902365      0.688333035      0.100000001    
  0.237037897       7.90494680E-02  0.100000001    
  0.296109200      0.324512839      0.100000001    
  0.972445428      0.119950175      0.100000001    
  0.925889790      0.300763249      0.100000001    
  0.218697250      0.623817563      0.100000001    
  0.827334344      0.792602003      0.100000001    
  0.429458559      0.757599354      0.100000001    
  0.143604875       3.83609533E-03  0.100000001    
  0.869432747      0.513492405      0.100000001    
  0.874989271      0.347269714      0.100000001    
  0.481294334      0.342085481      0.100000001    
  0.753988326      0.873076081      0.100000001    
  0.484796464      0.632795751      0.100000001    
  0.142479777      0.329201639      0.100000001    
   1.57771707E-02  0.752032101      0.100000001    
  0.293817103      0.649405301      0.100000001    
   9.48060751E-02  0.502085090      0.100000001    
  0.896371782      0.745310009      0.100000001    
  0.814095080      0.849948645      0.100000001    
  0.826225162      0.263882697      0.100000001    
  0.769587934      0.426775694      0.100000001    
