  0.787565947       7.05031753E-02  0.100000001    
   1.93293691E-02   4.27330136E-02  0.100000001    
  0.722227395      0.499590874      0.100000001    
  0.159307718      0.213788688      0.100000001    
  0.327558160      0.811003685      0.100000001    
  0.829991162      0.369841993      0.100000001    
  0.665484548      0.683744788      0.100000001    
  0.982627511      0.947998643      0.100000001    
  0.301917791      0.455622911      0.100000001    
  0.999881625      0.454723895      0.100000001    
  0.234491706      0.681149662      0.100000001    
  0.875533164      0.382690787      0.100000001    
  0.401526093      0.629243970      0.100000001    
  0.635438204      0.250088692      0.100000001    
  0.590340555       8.54974985E-03  0.100000001    
  0.107651591      0.737920344      0.100000001    
  0.733545601      0.176361203      0.100000001    
   7.58506656E-02  0.955258846      0.100000001    
  0.460998356      0.214194417      0.100000001    
  0.702421904      0.476394594      0.100000001    
  0.598680317      0.517507613      0.100000001    
   3.50150466E-02  0.265874267      0.100000001    
