   6.64445162E-02  0.898571849      0.291139364    
  0.930198669      0.774497986      0.464020550    
  0.309643626      0.896904349      0.110018790    
  0.961746752      0.851240456       5.95555902E-02
   1.43046975E-02  0.686538279      0.472820520    
   4.34248447E-02  0.179121673      0.709708810    
  0.483193457      0.240816355      0.238651872    
  0.500993431      0.115293741      0.692059934    
  0.853034854      0.518953621      0.713690579    
  0.133330166      0.837076902      0.941755474    
   4.23457026E-02  0.549154222       4.57450151E-02
  0.732592583      0.235904872      0.497591496    
  0.207467556      0.549929202      0.103566349    
   8.39323997E-02  0.588306785      0.624554694    
   3.38356495E-02  0.179892004      0.786493719    
  0.454521596      0.382939577       3.73017788E-03
  0.599118054      0.704268873      0.197583497    
  0.949416637      0.951046050      0.143190444    
  0.395031869      0.985988140      0.142871618    
  0.431648612       6.68591261E-02  0.635135293    
  0.810178101      0.298238754      0.377668381    
   1.96064115E-02  0.651662290       3.87489796E-03
  0.142728209      0.768900394      0.238339722    
