  0.289916575      0.852885842      0.570765316    
  0.453904092      0.162945449      0.867146730    
  0.786885798      0.792661130      0.311407447    
   9.62082744E-02  0.140773714      0.803890169    
  0.420147300      0.783226252      0.884485722    
  0.546103060      0.161313832      0.381108701    
  0.718516886      0.888254881      0.130829692    
  0.363145709      0.635910332      0.487467408    
  0.279886246      0.956975937      0.619726717    
  0.400749564       4.61809635E-02   8.67030025E-02
   5.62150478E-02  0.622260153      0.474367917    
  0.856972098       2.86321640E-02  0.504437149    
  0.389783084      0.607588589      0.465981483    
  0.384088397      0.283900976      0.604408443    
  0.517167091      0.145355463      0.594996691    
  0.677857697      0.288994730      0.116441250    
   5.36531210E-03  0.686387479      0.888309777    
  0.206126273      0.336662829      0.690071881    
  0.692197382      0.788878202       3.96822095E-02
  0.211724579      0.590031445      0.772334635    
  0.751253664      0.899667740       2.60564089E-02
  0.583546221      0.308961987      0.602778018    
  0.200925231      0.735284269      0.449332535    
