  0.821779251      0.795793653      0.639917374    
  0.251392484       7.23382831E-02   2.27695107E-02
  0.835034609       1.77009106E-02  0.476984799    
  0.502993524      0.834339738      0.527786791    
  0.617552757      0.138622165      0.563342631    
  0.975364506      0.252343893      0.137082219    
  0.242530107      0.626067102      0.801217973    
  0.657453001      0.691096663      0.549113512    
  0.137077391      0.113127768       4.03201580E-02
  0.657023311      0.675871968      0.486570358    
   8.88106227E-02  0.238593221      0.379558921    
  0.294335008      0.705658197      0.124428272    
  0.892599940      0.926741600      0.873690605    
  0.618516266       3.14065814E-02  0.887763917    
   8.64096284E-02  0.688602269      0.386969328    
  0.759169698      0.336023688      0.353325427    
   2.50864029E-03  0.364460051      0.939339280    
  0.648705125       8.63264799E-02  0.676423490    
  0.430183470      0.279640794      0.138979852    
  0.962610841      0.588303030      0.446585953    
  0.162681401      0.246962786      0.541295707    
  0.512354851       4.89863157E-02  0.236051083    
  0.114691198      0.256745815      0.591957748    
