  0.937592864      0.807247818       1.07922554E-02
  0.960200012      0.320566416      0.684788525    
  0.691983402      0.531974196      0.135306418    
  0.180372298      0.820042670      0.940745115    
  0.102080762       4.67413068E-02   5.89567423E-03
  0.920990527      0.309711039      0.273362994    
  0.625936270      0.699192524       1.70505047E-02
  0.934955478      0.874580622      0.837326050    
  0.832890391      0.693548560      0.946594238    
  0.999065340      0.150071859      0.179026663    
  0.923515975      0.896252751      0.381330192    
   1.43889785E-02   6.17018938E-02  0.770083547    
  0.451455832      0.899769425      0.615755141    
  0.630759716      0.803884268       5.56427240E-03
  0.729398012      0.857270420      0.362456083    
  0.552491367      0.955593288      0.149371326    
  0.814630210       6.66594505E-03  0.723956585    
  0.848710239      0.510894179      0.590600133    
  0.123037696      0.546844184      0.152059972    
  0.728088260      0.150568128      0.502541602    
  0.391511858      0.417610705       2.72321701E-03
0.1 0.2 0.3
