  0.108781517      0.136370480      0.410841167    
  0.889061689       8.90206695E-02   3.98147702E-02
  0.202476978      0.810479105      0.972830176    
  0.242894650      0.941347301      0.759117663    
  0.503021181      0.274077058      0.387683630    
  0.598793328      0.961761832      0.551666260    
  0.573495090       3.49893570E-02   3.80516052E-03
  0.531454563      0.758167088      0.615239203    
  0.399361789      0.464369297      0.255911767    
  0.964532256       5.86966872E-02  0.873769224    
  0.577505410      0.585712135      0.829663754    
  0.311792612      0.988042474      0.657513797    
  0.307314634      0.841709852      0.967878938    
  0.928176045       8.30966830E-02  0.461379468    
  0.276183963      0.295735419      0.516682506    
  0.841733098      0.600155711      0.711824417    
  0.133278012      0.666748703      0.162801504    
  0.136517525      0.202052355      0.745820642    
  0.607324183      0.526257455      0.571990371    
  0.724661410      0.405101061      0.128257751    
  0.275363386      0.520500362      0.759649932    
  0.103948057      0.296977758      0.697166324    
  0.509265959      0.785681963      0.764505327    
