  0.741524637      0.738171101      0.335130990    
  0.620163321      0.287176847      0.414524794    
  0.314395845       7.22277761E-02  0.800256550    
  0.900950074      0.301999390      0.598625541    
  0.752894938       5.36684990E-02  0.344432056    
  0.980323732      0.361700475       4.92545366E-02
  0.790980816      0.413279116      0.385416865    
  0.392625988      0.319845140      0.761798203    
  0.142463326      0.945574760       3.22452188E-02
  0.236747324      0.965581715      0.727412820    
  0.836703122      0.487858772       8.56674910E-02
  0.369250059      0.411121607      0.112811148    
  0.800859511      0.965357363      0.293752611    
  0.271013439      0.310888231      0.583384693    
  0.852821589       1.24754906E-02  0.611350536    
  0.373856843      0.995468318      0.164586008    
  0.909656525      0.709867001      0.778033733    
  0.480751038      0.891732574      0.143186748    
  0.621264100      0.340439379      0.789592564    
   5.06793857E-02  0.260929346      0.870202601    
  0.734683037      0.829551458      0.536760271    
0.6 0.5 0.7
