  0.531789124      0.280670881      0.193962276    
  0.980850875      0.737574279      0.232300997    
  0.230628371      0.280752242      0.233073831    
  0.784828305      0.660270035      0.834164977    
  0.474928439      0.579486191      0.883929372    
  0.363520205      0.867103100      0.756483078    
  0.953945637      0.131536126       4.70724106E-02
  0.872371137      0.529811740      0.206321001    
  0.629268944      0.519030988      0.625299573    
  0.456537008       8.55372548E-02  0.867707789    
  0.411125302      0.217773974      0.383007467    
  0.549769282       5.68053126E-02  0.312800646    
  0.803218484      0.478305817      0.317752600    
  0.269173920      0.833950043      0.922580779    
  0.610866189      0.641273558      0.389672756    
  0.556601286      0.105625153      0.655111551    
   7.96230435E-02  0.402269065      0.770512938    
  0.541032493      0.706264317      0.754117846    
  0.880175292      0.313614905      0.144317806    
   8.20876360E-02  0.919421494      0.510299265    
  0.810700834       4.48077917E-02  0.166084826    
  0.731548965      0.977999806      0.502725720    
  0.374551773      0.368538558      0.292312682    
