  0.594533503      0.544753790      0.100000001    
  0.663807988      0.881744564      0.100000001    
  0.287441552      0.617705107      0.100000001    
  0.268322706      0.268009305      0.100000001    
  0.624917865      0.971006751      0.100000001    
  0.294210434      0.888888240      0.100000001    
  0.488794029      0.908081412      0.100000001    
  0.402221978      0.132273078      0.100000001    
  0.735887349      0.190874219      0.100000001    
  0.292451501      0.733085811      0.100000001    
  0.354627728      0.435750246      0.100000001    
  0.641187370      0.452728689      0.100000001    
  0.356758058      0.857746184      0.100000001    
  0.804261506      0.587912619      0.100000001    
  0.443238854       3.59151363E-02  0.100000001    
  0.891887486      0.786468089      0.100000001    
  0.354620397      0.531779230      0.100000001    
  0.772719860      0.827864945      0.100000001    
  0.929620445      0.812930405      0.100000001    
   5.70729971E-02  0.622378290      0.100000001    
  0.128746331      0.318879902      0.100000001    
  0.329865992      0.384766638      0.100000001    
