  0.454742134      0.439500630      0.469982922    
  0.707060933       5.41996360E-02  0.499392569    
  0.715320706      0.695747018      0.787816584    
  0.682101429      0.113922417      0.172956884    
  0.502881467      0.464724541      0.677542508    
  0.793710589      0.232030511      0.902551651    
  0.363521338      0.455553949      0.508171380    
  0.830472171      0.589588404       1.10441446E-03
  0.520843208      0.654793501       1.43742561E-02
  0.548424542      0.361168325      0.456923962    
  0.831784546      0.293762386      0.176791608    
  0.602201760      0.686887860       1.06162429E-02
  0.413488984      0.478411615      0.180688143    
  0.494150460       8.67501497E-02  0.843302965    
  0.110014141      0.337757826      0.349738359    
   4.21231985E-02  0.896560133      0.277488768    
  0.235443473      0.279172838      0.675834179    
  0.197610915      0.987077653      0.207855701    
  0.717620611      0.867168486      0.522258937    
  0.168501973      0.116241395      0.229261160    
  0.111489356      0.654487073      0.135175288    
0.5 0.3 0.7
